X Y Z Element
9.919 28.923 -8.61 N
11.278 29.372 -8.909 C
12.35 28.532 -8.306 C
13.365 28.337 -8.933 O
11.509 30.797 -8.429 C
10.897 31.807 -9.331 C
10.794 32.972 -8.983 O
10.485 31.374 -10.515 N
12.121 28.052 -7.086 N
13.108 27.255 -6.366 C
13.297 27.834 -4.974 C
14.067 29.007 -5.073 O
13.063 29.505 0.84 C
12.749 29.348 -0.652 C
12.828 28.238 -1.183 O
14.565 29.741 1.067 C
12.322 30.44 -1.293 N
11.988 30.461 -2.721 C
12.577 31.724 -3.313 C
12.23 32.822 -2.89 O
10.477 30.53 -2.975 C
10.218 30.488 -4.467 C
9.747 29.399 -2.268 C
13.761 34.807 -5.994 N
13.011 35.835 -6.723 C
13.091 35.436 -8.181 C
12.32 35.905 -9.014 O
13.716 37.201 -6.736 C
14.463 37.458 -5.443 C
12.72 38.293 -7.009 C
15.544 38.518 -5.604 C
14.13 34.664 -8.482 N
14.434 34.213 -9.827 C
14.194 32.723 -10.067 C
14.456 31.878 -9.197 O
15.896 34.554 -10.12 C
16.213 36.017 -9.858 C
15.843 36.883 -10.645 O
16.867 36.299 -8.735 N
13.676 32.42 -11.255 N
13.407 31.046 -11.677 C
14.744 30.314 -11.634 C
15.752 30.891 -12.012 O
14.798 29.08 -11.152 N
16.469 27.921 -9.734 C
16.892 29.032 -8.753 C
17.468 30.254 -9.47 C
17.911 31.352 -8.512 C
19.119 30.905 -7.76 N
9.504 27.24 -5.912 O
9.717 29.014 -8.516 N
11.058 29.475 -8.851 C
12.178 28.64 -8.308 C
13.19 28.482 -8.972 O
11.26 30.911 -8.383 C
10.69 31.912 -9.347 C
10.528 33.074 -9.019 O
10.402 31.468 -10.561 N
11.99 28.106 -7.106 N
13.027 27.333 -6.451 C
13.28 27.929 -5.072 C
14.093 29.077 -5.186 O
12.917 29.41 0.72 C
12.584 29.33 -0.767 C
12.64 28.251 -1.353 O
14.421 29.646 0.928 C
12.163 30.451 -1.351 N
11.821 30.513 -2.77 C
12.428 31.782 -3.338 C
12.11 32.878 -2.884 O
10.304 30.563 -3.015 C
10.042 30.693 -4.506 C
9.612 29.308 -2.465 C
13.707 34.88 -5.997 N
13.047 35.982 -6.698 C
13.091 35.604 -8.17 C
12.26 36.033 -8.972 O
13.864 37.298 -6.597 C
14.267 37.578 -5.151 C
13.072 38.462 -7.186 C
15.416 38.578 -5.017 C
14.111 34.814 -8.497 N
14.393 34.358 -9.851 C
14.139 32.866 -10.095 C
14.503 32.02 -9.265 O
15.863 34.667 -10.149 C
16.248 36.085 -9.761 C
15.887 37.04 -10.447 O
16.958 36.232 -8.642 N
13.529 32.554 -11.24 N
13.264 31.164 -11.64 C
14.626 30.475 -11.669 C
14.752 29.266 -11.14 N
16.463 28.183 -9.749 C
16.781 29.327 -8.768 C
17.599 30.456 -9.415 C
18.204 31.431 -8.39 C
19.413 30.854 -7.681 N
10.167 29.245 -8.599 N
11.476 29.668 -9.02 C
12.528 28.755 -8.443 C
13.438 28.32 -9.158 O
11.707 31.11 -8.574 C
10.952 32.098 -9.422 C
11.073 33.296 -9.244 O
10.178 31.597 -10.372 N
12.302 28.339 -7.199 N
13.251 27.499 -6.499 C
13.49 28.082 -5.115 C
14.203 29.294 -5.257 O
13.51 29.73 0.626 C
13.202 29.635 -0.865 C
13.511 28.628 -1.504 O
15.014 29.878 0.879 C
12.51 30.644 -1.391 N
12.136 30.686 -2.798 C
12.68 31.955 -3.418 C
12.25 33.05 -3.097 O
10.615 30.639 -2.987 C
10.296 30.497 -4.451 C
10.014 29.477 -2.215 C
14.053 34.998 -6.056 N
13.422 36.056 -6.848 C
13.723 35.698 -8.305 C
13.185 36.295 -9.24 O
14.099 37.421 -6.659 C
14.701 37.533 -5.27 C
13.101 38.543 -6.927 C
15.748 38.621 -5.185 C
14.653 34.771 -8.492 N
15.045 34.357 -9.824 C
14.798 32.868 -10.073 C
15.201 32.022 -9.276 O
16.506 34.753 -10.039 C
16.738 36.253 -9.801 C
16.53 37.074 -10.7 O
17.12 36.616 -8.577 N
14.018 32.587 -11.118 N
13.678 31.225 -11.536 C
15.018 30.532 -11.645 C
15.169 29.342 -11.075 N
16.806 28.073 -9.747 C
17.239 29.11 -8.723 C
18.193 30.141 -9.324 C
18.779 31.099 -8.272 C
19.95 30.517 -7.495 N