0.8847 0.6516 0.4768 0.6396 0.5684 0.6519
0.9510 0.9037 1.1563 0.9032 1.0677 0.9804
0.8491 0.7838 0.6799 0.8265 0.7918 0.7922
0.0448 -0.0392 0.0217 0.0229 -0.0427 0.0269
-0.1168 -0.0631 -0.0091 -0.1961 -0.0879 -0.1043
0.0162 -0.0454 -0.1890 -0.1337 -0.1139 -0.0607
0.5661 0.6383 0.6418 0.6823 0.6159 0.5643
0.7316 0.8381 0.8776 0.8376 0.7296 0.8940
0.8232 1.0378 1.0137 0.9541 0.9683 0.9605
0.0358 -0.0044 -0.0643 0.0309 -0.0929 -0.0635
-0.2289 -0.2229 -0.1675 -0.2217 -0.1713 -0.1307
-0.1106 -0.0449 -0.0192 -0.0925 -0.0965 -0.1791