x 89.50 72.50 142.00 154.00 75.50 144.00 156.50 68.00 171.00 188.50 72.50 170.00 187.50 56.00 225.50 249.50 66.50 222.50 244.50
y 29.50 66.00 73.00 37.50 125.50 134.50 96.00 146.50 159.50 99.50 227.50 238.50 179.50 273.00 295.50 187.00 389.00 412.00 303.50
x 135.00 97.50 137.50 174.50 99.00 138.50 175.00 80.00 138.50 194.00 81.50 138.50 193.00 43.00 142.00 233.50 50.00 144.00 231.50
y 39.00 54.50 70.50 53.50 105.00 122.00 104.00 116.00 140.50 113.00 187.50 214.00 184.50 208.50 256.00 202.50 319.00 373.00 312.50
x 177.50 133.50 165.50 209.50 133.00 164.50 207.50 112.50 157.00 222.50 110.50 154.00 219.00 66.00 140.00 251.00 69.50 139.50 246.00
y 28.00 39.00 56.50 46.00 89.00 109.50 95.50 96.00 125.50 107.50 168.00 199.50 179.00 183.00 240.00 200.50 293.00 356.50 312.00
x 223.00 176.50 201.00 248.50 175.50 199.50 246.50 152.00 187.00 258.50 150.50 184.50 254.50 104.50 159.50 281.00 106.00 158.50 275.50
y 35.50 44.50 63.50 53.50 94.50 114.50 104.50 100.00 130.00 115.00 169.50 202.50 186.00 181.50 240.00 209.50 289.00 354.50 321.00
x 189.00 140.50 162.50 212.50 138.00 159.00 209.00 114.00 144.50 219.00 110.00 140.00 212.00 62.50 110.50 235.00 61.00 106.00 225.00
y 33.50 41.00 65.00 57.00 89.00 113.00 106.00 94.50 132.00 119.50 162.00 201.50 188.00 173.00 241.50 216.00 276.00 350.50 321.00
x 209.50 163.00 178.00 227.00 161.00 175.00 224.50 138.00 157.00 231.50 135.00 154.50 228.00 88.00 117.50 245.00 88.00 116.50 238.00
y 63.50 67.50 83.00 80.50 115.50 132.50 129.00 119.00 145.00 138.50 187.50 216.00 209.00 192.00 243.00 230.50 300.50 360.50 344.50
x 110.00 75.00 112.50 146.50 80.00 117.00 151.00 63.00 118.00 169.00 69.00 122.50 173.50 34.00 125.00 211.50 47.00 136.50 217.50
y 24.00 40.50 53.50 35.50 88.50 101.50 83.00 99.50 119.00 90.00 167.00 187.50 158.50 188.50 227.00 173.00 292.00 336.00 277.00
x 161.50 121.50 147.00 187.50 122.00 147.00 187.00 102.50 139.50 199.50 103.00 139.00 199.00 63.00 124.00 225.50 68.00 126.50 224.50
y 47.00 56.00 71.50 62.00 101.00 117.00 106.00 107.50 130.00 115.50 171.50 195.50 180.00 184.00 229.00 198.00 283.00 335.00 299.50
x 176.50 141.50 176.50 210.50 140.00 175.50 210.50 122.50 174.00 226.50 120.00 171.50 224.50 82.50 169.50 259.50 83.00 167.50 256.00
y 38.00 44.00 52.50 47.00 94.00 103.00 95.50 99.00 112.50 101.50 171.50 188.00 174.50 181.50 211.50 185.50 298.00 337.00 303.00
x 146.50 109.50 136.50 176.00 109.00 136.50 175.00 89.00 131.00 187.50 88.50 128.50 186.50 48.50 118.50 215.50 50.00 117.50 212.00
y 35.00 41.00 51.50 46.00 88.00 100.50 93.00 93.50 110.50 99.00 160.50 180.50 166.50 171.00 206.50 180.50 277.50 321.50 289.50
x 146.50 102.50 159.50 201.00 99.50 153.50 194.00 77.50 159.00 221.00 75.00 150.00 210.00 30.00 161.50 260.50 32.50 150.00 240.50
y 40.00 71.50 104.00 70.00 128.00 159.00 126.00 145.00 194.50 141.50 218.00 266.00 213.00 256.00 343.50 244.50 356.00 441.00 342.00
x 167.00 111.50 143.50 200.50 105.50 136.00 191.00 78.50 123.50 208.00 71.00 113.00 193.00 16.00 85.50 225.50 14.00 76.00 204.00
y 29.00 42.50 80.50 65.50 96.50 136.50 118.00 104.00 163.00 138.00 175.50 232.50 206.50 193.00 298.00 248.50 292.00 396.50 345.00
x 91.00 78.00 142.50 152.00 79.00 142.50 153.50 72.50 168.50 181.50 74.50 166.50 180.50 60.00 220.50 239.00 66.00 216.00 234.50
y 35.50 63.00 70.00 41.50 122.00 127.50 99.50 138.50 148.00 103.00 221.00 229.00 182.00 258.00 276.00 189.50 382.00 400.00 308.50
x 163.50 138.00 190.00 212.00 128.00 178.50 201.50 114.50 190.50 225.50 99.50 173.50 208.00 71.50 200.50 256.50 52.50 172.50 229.50
y 47.00 62.50 82.00 66.00 115.50 135.00 118.00 126.00 156.00 128.50 200.50 232.00 200.00 223.50 278.50 221.00 340.00 395.00 330.00
x 135.00 105.50 167.50 193.00 105.50 166.00 190.50 91.00 180.50 219.00 89.00 176.00 212.50 57.50 209.00 270.50 60.00 201.00 260.00
y 38.00 64.00 79.50 54.50 124.50 140.50 112.50 140.00 165.00 120.50 223.50 249.00 203.00 258.00 304.50 219.00 382.50 432.50 338.50
x 104.00 72.50 112.50 142.00 74.00 114.50 143.50 58.50 119.00 163.50 60.50 120.00 164.00 27.00 131.50 203.00 33.50 133.00 205.00
y 28.00 36.50 43.50 35.00 87.00 97.00 84.50 94.00 105.50 89.00 167.50 181.00 160.50 181.50 207.00 170.50 298.50 329.50 284.50
x 2147 1737 1864 2279 1717 1839 2249 1636 1788 2279 1616 1747 2244 1302 1519 2345 1286 1494 2279
y 162 203 425 380 588 815 765 603 876 810 1023 1302 1241 1074 1580 1454 1697 2218 2092
x 2289 1879 2310 2687 1854 2264 2649 1763 2254 2730 1737 2213 2659 1428 2228 2973 1403 2142 2851
y 253 476 775 512 937 1231 983 1003 1347 1038 1023 1302 1241 1074 1580 1454 1697 2218 2092
x 2350 1909 2289 2735 1920 2289 2740 1828 2289 2811 1854 2294 2806 1504 2249 3110 1550 2259 3084
y 198 395 633 436 912 1140 937 962 1251 998 1535 1839 1560 1712 2259 1778 2598 3160 2659
x 2304 1925 2360 2740 1920 2345 2715 1839 2355 2786 1839 2325 2755 1535 2375 3084 1540 2320 3003
y 304 527 775 527 1013 1241 1003 1059 1362 1064 1600 1889 1580 1808 234 178 2613 3145 2573
x 2132 1671 1955 2421 1681 1960 2421 1585 1925 2477 1606 1920 2461 1251 1778 2694 1286 1783 2664
y 152 294 542 395 770 1028 866 810 1119 927 1337 1651 1459 1464 2041 1687 2279 2867 2487
x 1940 1560 1925 2304 1570 1925 2294 1499 1925 2355 1514 1914 2340 1231 1894 2608 1266 1899 2548
y 309 522 775 557 927 1175 942 988 1292 1008 1418 1732 1443 1616 2198 1646 2244 2781 2304
x 2477 1970 2269 2781 1965 2264 2765 1864 2223 2826 1879 2208 2801 1489 2046 3049 1519 2051 3003
y 56 208 486 324 729 1008 836 760 1109 907 1337 1687 1479 1469 2107 1727 2335 2983 2598
x 2396 2021 2467 2846 2051 2487 2836 1965 2497 2917 2011 2502 2902 1732 2568 3241 1793 2563 3176
y 512 820 1069 760 1241 1489 1180 1307 1621 1236 1752 2061 1687 2006 2598 1904 2634 3191 2517
x 2436 1914 2112 2649 1869 2082 2603 1768 2011 2644 1732 1950 2588 1332 1687 2755 1276 1631 2659
y 46 111 375 304 623 891 826 638 972 886 1226 1570 1474 1292 1899 1722 2198 2836 2639
x 2340 1980 2269 2624 1970 2249 2608 1889 2228 2659 1889 2213 2634 1611 2147 2857 1611 2122 2796
y 360 491 699 562 891 1109 957 932 1195 1003 1373 1636 1449 1504 1996 1646 2168 2659 2299
x 2396 1864 2006 2553 1808 1950 2492 1697 1864 2517 1646 1808 2446 1231 1464 2568 1160 1388 2456
y 248 268 547 517 780 1048 1028 785 1124 1089 1347 1707 1661 1393 2011 1920 2274 2927 2826
x 2153 1773 1965 2350 1757 1940 2330 1676 1904 2370 1676 1879 2340 1383 1722 2492 1383 1712 2446
y 263 334 562 466 729 937 856 750 1008 896 1170 1433 1327 1241 1727 1519 1894 2391 2158
x 2325 1884 2234 2669 1864 2198 2634 1773 2183 2700 1768 2137 2639 1423 2056 2907 1418 2001 2806
y 370 557 861 663 1003 1297 1109 1043 1423 1175 1524 1894 1636 1687 2365 1899 2391 3059 2578
x 2259 1722 1909 2456 1712 1894 2446 1606 1828 2477 1600 1813 2456 1190 1514 2603 1185 1509 2563
y 122 198 456 370 714 977 896 734 1059 952 1317 1656 1550 1393 1996 1793 2310 2938 2725
x 2624 2193 2502 2943 2158 2451 2897 2071 2436 2953 2036 2380 2892 1697 2269 3130 1651 2198 3029
y 334 456 704 572 927 1170 1038 962 1266 1099 1484 1798 1621 1606 2168 1849 2421 2998 2659
x 2122 1788 2228 2558 1803 2249 2548 1737 2254 2629 1752 2259 2618 1499 2360 2958 1524 2345 2907
y 506 755 942 689 1200 1398 1135 1276 1499 1190 1763 2006 1676 1980 2446 1854 2745 3196 2598