x 3015 2709 2385 3415 2882 3104 2762 2502 3128
y 2408 1038 1785 1661 1682 2108 1214 1771 1527
x 3056 2762 2444 3456 2954 3158 2828 2589 3202
y 2444 1061 1802 1655 1694 2126 1238 1784 1597
x 3164 2918 2588 3578 3092 3272 2930 2711 3318
y 2540 1130 1934 1808 1790 2228 1328 1931 1668
x 3212 2966 2636 3650 3170 3314 3002 2788 3378
y 2594 1160 1964 1838 1844 2264 1370 1978 1711
x 2996 2888 2426 3428 3008 2912 2817 2624 3242
y 2462 1088 1778 1766 1718 2318 1311 1790 1652
x 3068 2966 2516 3500 3092 2984 2902 2708 3320
y 2456 1070 1742 1736 1688 2312 1283 1778 1622
x 3014 2918 2438 3464 3032 2936 2846 2648 3290
y 2414 1028 1700 1700 1640 2270 1238 1730 1592
x 3026 2936 2444 3476 3044 2954 2870 2642 3296
y 2444 1040 1718 1718 1700 2276 1292 1736 1592
x 2648 2666 2048 3176 2564 2480 2648 2282 2894
y 2546 1046 1742 1832 1754 2192 1196 1886 1490
x 2714 2744 2132 3248 2672 2600 2732 2384 2996
y 2558 1076 1760 1850 1778 2228 1238 1904 1538
x 2666 2678 2060 3182 2606 2510 2666 2282 2900
y 2414 1028 1700 1700 1640 2270 1238 1730 1592
x 2708 2720 2120 3230 2654 2564 2726 2372 2948
y 2540 1052 1694 1832 1754 2198 1202 1880 1472
x 3164 3086 2738 3584 3110 3116 3224 2822 3416
y 2366 1250 1826 1856 1826 2216 1454 1748 1880
x 3080 2990 2648 3512 3068 3026 3140 2768 3356
y 2360 1250 1838 1844 1796 2222 1436 1748 1874
x 3593 3593 3211 4034 3602 3539 3734 3334 3889
y 2389 1307 1843 1934 1848 2257 1507 1762 1930
x 3316 3321 2957 3784 3375 3243 3471 3098 3662
y 2434 1352 1880 1975 1871 2312 1539 1798 1980
x 2960 2882 2378 3416 2822 2792 2810 2504 3212
y 2594 1142 1904 1850 1886 2360 1370 1772 1628
x 3122 3050 2540 3590 3008 2960 2990 2666 3380
y 2600 1130 1904 1838 1868 2366 1370 1796 1622
x 3014 3002 2456 3548 2948 2858 2930 2588 3356
y 2654 1166 1916 1916 1910 2420 1394 1826 1694
x 3080 3062 2522 3620 3020 2918 2990 2666 3428
y 2612 1124 1880 1874 1898 2384 1358 1790 1682
x 3296 3200 2858 3590 3242 3170 3302 2984 3458
y 2366 1334 1970 1844 1844 2168 1592 1916 1850
x 3260 3164 2846 3590 3230 3140 3290 2966 3470
y 2462 1424 2060 1928 1946 2264 1676 2006 1946
x 3024 2863 2528 3284 2852 2840 2900 2660 3116
y 2693 1533 2240 2030 2102 2414 1808 2174 2048
x 2989 2818 2492 3242 2816 2810 2864 2630 3068
y 2683 1508 2222 1994 2072 2396 1760 2126 2024
x 2838 2843 2313 3284 2818 2894 2909 2418 3139
y 2658 1308 1953 1998 1948 2413 1493 1908 1998
x 2833 2853 2348 3314 2838 2914 2919 2408 3189
y 2543 1203 1853 1908 1848 2318 1408 1798 1893
x 2763 2743 2228 3269 2733 2753 2813 2328 3069
y 1203 2568 1848 1948 1863 2378 1373 1818 1928
x 2828 2813 2293 3334 2813 2838 2894 2378 3139
y 1198 2568 1853 1933 1838 2373 1378 1808 1908
x 3050 3080 2468 3518 3002 3014 3128 2636 3320
y 2546 1052 1724 1802 1778 2342 1310 1640 1766
x 2384 2372 1772 2858 2336 2348 2432 1988 2660
y 2522 1028 1766 1802 1784 2324 1304 1670 1772
x 3176 3374 2720 3734 3236 3176 3410 2900 3524
y 2498 1082 1700 1826 1766 2288 1328 1592 1754
x 2858 3050 2408 3422 2948 2864 3086 2600 3236
y 2438 1022 1646 1778 1688 2222 1244 1520 1676
x 3116 3170 2636 3656 3086 3134 3128 2786 3476
y 2450 1232 1868 1850 1838 1424 2150 1838 1808
x 3128 3146 2636 3644 3116 3152 3158 2774 3464
y 2432 1220 1874 1844 1838 1424 2150 1820 1766
x 2954 3002 2456 3524 2930 2966 2978 2648 3320
y 2420 1154 1820 1808 1784 2192 1316 1838 1718
x 2960 3002 2450 3500 2978 3008 3002 2672 3350
y 2384 1148 1772 1796 1754 2180 1316 1820 1712
x 3134 3200 2726 3572 3158 3080 3176 2870 3380
y 2444 1346 1946 1946 1850 2174 1478 1964 1928
x 3050 3110 2654 3488 3104 3002 3098 2792 3314
y 2378 1280 1874 1892 1778 2090 1412 1904 1862
x 3170 3248 2780 3602 3146 3110 3212 2912 3416
y 2288 1220 1766 1790 1682 1988 1346 1790 1766
x 3080 3146 2690 3506 3074 3026 3104 2816 3320
y 2276 1196 1778 1778 1688 1970 1328 1796 1754
x 3170 3050 2678 3560 3098 3170 3254 2834 3404
y 2258 1160 1730 1616 1724 1970 1484 1748 1694
x 3152 3044 2702 3566 3098 3146 3248 2864 3416
y 2216 1106 1700 1550 170 1922 1430 1706 1634
x 3218 3110 2672 3524 3080 3206 3206 2810 3416
y 2270 1196 1820 1598 1802 2036 1520 1820 1682
x 3128 3026 2594 3446 3020 3110 3122 2726 3332
y 2270 1208 1838 1604 1796 2012 1496 1838 1682
x 3170 3050 2678 3560 3098 3170 3254 2834 3404
y 2258 1160 1730 1616 1724 1970 1484 1748 1694
x 3152 3044 2702 3566 3098 3146 3248 2864 3416
y 2216 1106 1700 1550 170 1922 1430 1706 1634
x 3218 3110 2672 3524 3080 3206 3206 2810 3416
y 2270 1196 1820 1598 1802 2036 1520 1820 1682
x 3128 3026 2594 3446 3020 3110 3122 2726 3332
y 2270 1208 1838 1604 1796 2012 1496 1838 1682
x 3171 3189 2693 3566 3134 3180 3257 2802 3398
y 2248 1152 1753 1780 1734 1989 1493 1757 1689
x 3148 3175 2698 3566 3143 3161 3248 2816 3402
y 2207 1098 1693 1725 1693 1930 1434 1703 1621
x 3224 3122 2672 3530 3146 3194 3194 2788 3390
y 2282 1220 1820 1766 1772 1988 1478 1823 1685
x 3134 3038 2588 3452 3062 3092 3122 2716 3275
y 2270 1208 1838 1604 1796 2012 1496 1838 1682
x 3002 2948 2354 3500 2876 2858 2834 2582 3218
y 2306 794 1412 1406 1466 1808 944 1472 1430
x 3122 3044 2474 3614 3014 2984 2930 2702 3320
y 2288 770 1382 1376 1460 1808 920 1454 1400
x 2894 2708 2210 3350 2708 2792 2600 2408 3062
y 2546 1076 1760 1580 1736 2048 1226 1766 1676
x 3038 2870 2366 3506 2870 2942 2750 2528 3188
y 2564 1058 1790 1604 1742 2042 1238 1784 1694
x 2774 2714 2282 3218 2726 2714 2702 2420 3014
y 2288 1130 1862 1742 1706 2168 1364 1814 1730
x 2702 2624 2204 3134 2666 2606 2606 2348 2966
y 2336 1172 1916 1802 1784 2204 1442 1886 1784
x 2672 2732 2252 3158 2714 2618 2714 2372 2972
y 2306 1166 1844 1814 1796 2162 1400 1814 1784
x 2714 2768 2294 3188 2762 2660 2744 2402 3038
y 2294 1130 1808 1796 1772 2138 1394 1802 1778